:11
#01
01
02
03
04
05
06
07
08
09
11
12
13
#02
21
24
26
27
28
29
:12
#01
01
02
03
04
05
06
07
08
09
10
11
12
13
#02
21
22
23
24
25
:13
#01
02
03
04
05
06
07
21
23
24
25
26
27
28
29
30
31
32
33
81
82
83
84
85
:13
#02
02
03
04
05
06
21
23
24
25
27
29
30
81
82
83
#03
02
03
04
21
22
23
24
#04
02
03
04
06
21
23
24
25
26
27
28
29
30
31
32
33
34
35
81
#05
02
03
21
22
23
24
25
26
27
28
29
30
31
32
33
34
35
81
82
#06
02
03
04
21
22
23
24
25
26
27
28
29
30
31
32
33
34
35
36
37
38
81
82
83
84
#07
02
03
05
06
21
22
23
24
25
26
27
28
29
30
31
32
33
#08
02
03
04
21
22
23
24
25
26
27
28
#09
02
03
21
22
23
24
25
26
27
28
29
30
81
82
83
84
#10
02
22
23
24
25
26
28
81
82
#11
02
21
22
23
24
25
26
27
28
81
82
:14
#01
05
06
07
08
09
10
21
22
23
81
:14
#02
02
03
11
12
21
22
23
24
25
26
27
#03
02
03
11
21
22
#04
02
11
21
23
24
25
26
27
28
29
30
31
81
#05
02
21
22
24
25
81
#06
02
03
21
22
23
24
#22
01
02
22
23
25
26
27
28
29
30
31
32
33
34
#23
01
02
03
22
23
25
26
27
28
29
30
32
33
#24
01
02
21
22
23
24
27
29
30
31
33
#26
01
02
03
21
22
23
25
27
28
29
30
31
32
33
34
35
36
#27
01
02
03
23
24
25
26
27
29
30
31
32
33
:15
#01
02
03
04
05
21
22
23
24
25
:15
#02
02
03
04
05
06
07
21
22
23
#03
02
03
04
#04
02
03
04
21
22
23
24
25
26
28
29
30
#21
01
02
03
04
05
06
22
23
27
28
29
30
31
#22
01
02
21
22
23
24
#23
01
02
22
23
24
25
26
27
#25
01
02
22
23
24
25
26
27
28
29
30
31
#26
01
02
24
25
26
27
29
30
31
32
34
#26
01
02
24
25
26
27
29
30
31
32
34
#27
01
22
23
24
25
26
27
28
#28
01
22
23
24
25
26
27
#29
21
22
23
:21
#01
02
03
04
05
06
11
12
13
14
22
23
24
81
:21
#02
02
03
04
11
12
13
24
81
82
83
#03
02
03
04
11
21
23
81
#04
02
03
04
11
21
22
23
#05
02
03
04
05
21
22
#06
02
03
04
24
81
82
#07
02
03
11
26
27
81
82
#08
02
03
04
11
81
82
#09
02
03
04
05
11
21
22
#10
02
03
04
05
11
21
81
#11
02
03
21
22
#12
02
04
21
23
24
81
82
#13
02
03
21
22
24
81
82
#14
02
03
04
21
22
81
:22
#01
02
03
04
05
06
12
22
81
82
83
:22
#02
02
03
04
11
21
81
82
83
84
#03
02
03
22
23
81
82
#04
02
03
21
22
#05
02
03
21
23
24
81
82
#06
02
21
22
23
25
81
#07
02
21
22
23
24
#08
02
21
22
81
82
#24
01
02
03
04
05
06
24
26
:23
#01
02
03
04
05
06
07
08
21
23
24
25
26
27
28
29
81
82
83
84
:23
#02
02
03
04
05
06
07
08
21
23
24
25
27
29
30
31
81
#03
02
03
04
05
06
07
21
81
82
#04
02
03
04
05
06
07
21
22
#05
02
03
05
06
21
22
23
24
#06
02
03
04
05
06
21
22
23
24
#07
02
03
04
05
06
07
08
09
10
11
12
13
14
15
16
22
81
#08
02
03
04
05
11
22
26
28
33
81
82
#09
02
03
04
21
#10
02
03
04
05
24
25
81
83
84
85
#11
02
21
23
24
81
82
#23
01
02
03
04
24
25
26
30
31
32
#27
21
22
23
:31
#01
01
02
03
04
05
06
07
08
09
10
12
13
14
15
16
17
#02
25
26
29
30
:32
#01
02
03
04
05
06
07
11
12
13
14
21
22
23
24
25
:32
#02
02
03
04
11
81
82
83
#03
02
03
04
05
11
21
22
23
24
81
82
#04
02
04
05
11
81
82
83
#05
02
02
03
04
05
06
07
08
11
81
82
83
84
84
85
86
#06
02
11
21
23
81
82
83
84
#07
03
04
05
06
21
22
23
24
#08
02
11
21
26
29
30
31
82
#09
02
21
22
23
24
25
28
81
82
#10
02
11
23
27
81
84
88
#11
02
11
21
81
82
83
#12
02
03
81
82
83
84
#13
02
21
22
23
24
:33
#01
02
03
04
05
06
08
22
27
81
82
83
84
85
:33
#02
03
04
05
06
11
25
26
27
81
82
83
#03
02
03
04
22
24
26
27
28
29
81
82
#04
01
02
11
21
24
81
82
83
#05
21
22
23
#06
02
21
24
81
82
83
#07
02
03
21
23
26
27
81
82
83
84
#08
02
21
22
24
25
81
#09
02
03
21
22
#10
02
03
04
21
22
23
24
81
82
#25
01
02
22
23
25
26
27
28
29
:34
#01
02
03
04
11
21
22
23
:34
#02
02
03
04
07
21
22
23
#03
02
03
04
11
21
22
23
#04
02
03
04
05
06
21
#05
02
03
04
05
21
#06
02
03
04
21
#07
02
03
11
21
#08
02
03
11
22
23
24
25
26
27
28
81
#10
02
03
04
21
22
23
24
#11
02
03
22
24
25
26
81
82
#12
02
03
04
21
22
23
24
25
26
27
81
82
#21
01
21
22
23
24
25
26
27
28
29
30
#13
02
21
22
23
24
#22
02
21
22
23
24
#24
01
02
22
23
25
26
27
#25
01
02
22
23
29
30
31
#26
01
22
23
25
26
#29
01
21
22
23
:35
#01
02
03
04
05
11
21
22
23
24
25
28
81
82
:35
#02
02
03
04
05
06
11
12
#03
02
03
05
04
21
22
#04
02
03
21
23
24
25
26
27
28
29
30
81
#05
02
03
04
21
24
25
26
27
81
82
83
#06
02
03
22
23
24
25
26
27
28
29
81
#07
02
21
22
23
24
25
81
82
83
84
#08
02
21
22
23
24
25
81
#22
01
02
03
25
27
28
29
30
31
:36
#01
02
03
04
05
11
21
22
23
24
:36
#02
02
03
22
81
#03
02
13
21
22
23
#04
02
03
21
23
24
25
26
27
28
29
30
81
#05
02
21
#06
02
22
81
#07
02
21
22
23
24
25
26
27
28
29
30
31
32
33
34
35
81
82
#22
01
02
03
04
26
27
28
29
32
33
#23
01
02
21
22
23
24
25
26
29
30
30
31
34
#24
01
02
21
22
23
24
25
26
27
28
29
30
32
#25
01
02
22
23
24
25
26
27
28
29
31
32
:37
#01
02
03
04
05
12
23
24
25
26
81
:37
#02
02
03
05
11
12
13
14
81
82
83
84
85
#03
02
03
04
05
06
21
22
23
#04
02
03
04
05
06
81
#05
02
03
21
22
23
#06
02
11
12
13
34
81
82
83
84
85
86
87
#07
02
03
04
05
24
25
81
82
83
84
85
86
#08
02
11
26
27
28
29
30
31
32
81
82
83
#09
02
11
21
23
82
83
#10
02
81
82
83
#11
02
21
22
#12
02
03
#13
02
11
12
21
22
23
24
25
26
27
28
29
#14
02
21
22
23
24
25
26
27
28
81
82
#15
02
21
22
23
24
25
26
81
#23
01
21
23
24
25
28
30
#29
01
22
23
24
25
26
28
29
30
:41
#01
02
03
04
05
06
08
22
81
82
83
84
85
:41
#02
02
03
04
05
11
21
22
23
24
25
#03
02
03
04
05
06
11
22
23
24
25
26
27
28
29
81
#04
02
03
04
11
21
22
23
25
81
82
#05
01
02
03
04
11
21
22
23
24
25
26
27
81
#06
02
03
11
21
22
#07
02
03
03
04
21
24
25
26
27
28
81
82
#08
02
03
04
11
21
22
23
25
81
82
83
#09
01
02
22
23
26
27
28
#10
02
23
24
25
81
82
#11
02
21
22
23
#12
02
21
22
24
81
82
#13
02
03
21
22
23
24
25
26
27
28
29
30
81
#14
02
03
21
22
23
24
25
26
81
#15
02
03
21
22
23
24
25
26
27
28
#30
21
#27
02
21
22
23
24
25
26
27
28
#28
01
21
22
23
24
25
26
27
28
29
:42
#01
02
03
04
05
06
07
11
12
13
14
15
16
17
:42
#02
02
03
04
05
22
81
#03
02
03
21
22
23
24
25
81
#05
03
04
05
06
21
25
26
27
28
29
81
82
83
#27
02
03
04
05
21
25
26
27
28
29
81
82
83
#06
02
03
04
05
06
07
21
24
25
26
82
83
84
#07
02
03
04
#08
02
21
22
81
#09
02
21
22
23
81
82
83
84
#10
02
03
22
23
24
81
83
87
#11
02
21
22
23
24
25
26
27
81
82
#12
02
21
22
23
24
#28
01
02
22
23
25
26
27
28
#90
01
04
05
06
21
:43
#01
02
03
04
05
11
21
22
24
81
:43
#02
02
03
04
11
19
21
23
24
25
81
#03
02
04
21
81
82
#04
02
03
06
05
07
08
04
11
12
21
22
23
24
26
81
82
#05
02
03
11
21
22
23
24
25
27
28
29
81
#06
02
03
11
21
23
24
26
81
82
#07
02
03
21
22
23
24
25
26
81
#08
02
11
21
22
#09
02
03
21
22
23
81
#10
02
03
21
22
23
24
25
26
27
28
81
#11
02
02
03
21
22
23
24
25
26
27
28
29
#12
02
21
22
23
24
25
26
27
28
29
30
81
#25
01
02
03
22
24
#31
01
22
23
24
25
26
27
30
:44
#01
02
03
04
05
06
07
11
12
13
14
81
82
83
84
:44
#02
02
03
04
21
22
24
29
32
33
81
82
#03
03
04
05
06
07
08
#04
02
04
21
03
#05
00
06
07
08
09
10
23
82
83
#06
02
03
81
82
83
84
#07
03
04
81
82
83
84
85
#08
02
03
04
11
21
23
25
81
82
83
#09
02
23
81
82
83
#12
02
03
23
24
25
26
83
84
#13
02
22
23
24
81
#14
02
21
22
23
24
26
27
81
#15
02
21
23
81
#16
02
21
22
23
24
25
#17
02
21
23
81
#18
02
21
22
23
25
26
27
81
82
#19
#20
#51
02
21
22
#52
02
21
22
24
81
#53
02
21
22
23
81
:45
#01
02
03
04
05
06
07
08
09
11
21
22
23
24
25
26
27
:45
#02
02
03
04
05
11
21
22
#03
02
03
04
05
11
21
22
23
24
25
26
27
28
29
30
31
32
#04
03
04
11
21
22
23
81
#05
02
03
12
21
25
#06
02
03
21
81
#07
02
03
21
22
#08
02
04
03
21
81
#09
02
21
22
23
24
81
#21
01
22
23
24
26
27
28
29
30
31
32
33
#22
01
23
24
25
26
27
28
29
30
31
#24
02
24
27
28
#26
01
22
23
24
25
26
27
28
29
30
31
32
#27
01
02
23
24
25
26
27
28
29
30
31
:50
#01
01
02
03
04
05
06
07
08
09
10
11
12
13
#02
21
22
23
24
25
26
27
28
29
30
31
32
33
34
35
36
37
38
39
40
41
42
43
#03
81
82
83
84
:51
#01
04
05
06
07
08
12
13
21
22
23
24
25
29
31
32
81
82
83
84
:51
#03
02
03
04
11
21
22
#04
02
03
11
21
22
#05
02
03
04
21
22
24
25
#06
03
23
26
81
82
83
#07
03
04
22
23
24
25
26
27
81
#08
02
11
12
21
22
23
24
#09
03
02
21
22
23
#10
02
11
24
25
28
#11
02
11
12
13
23
24
26
29
32
33
81
#13
02
03
04
21
22
23
24
25
81
#15
02
21
22
23
24
25
26
27
28
29
#16
02
21
22
23
81
#30
01
02
21
22
23
29
30
#31
01
22
23
24
25
26
27
28
#32
21
22
23
24
25
26
27
28
29
30
31
32
33
#33
21
22
23
24
25
26
27
28
29
30
31
32
33
34
35
36
37
38
#34
01
22
23
24
25
26
27
28
29
30
31
32
33
34
35
36
37
#37
1
21
22
23
#38
21
22
23
24
25
26
#39
01
02
21
22
:52
#01
02
03
11
12
13
21
22
23
81
:52
#02
01
02
03
21
#03
02
21
22
23
24
25
26
27
28
29
30
81
82
#22
01
22
23
24
25
26
27
28
29
30
#23
01
22
23
24
25
26
27
28
#24
01
22
23
24
25
26
27
28
#25
01
26
27
28
29
30
#26
01
22
23
24
25
26
27
28
29
30
31
32
33
34
35
36
#27
01
02
22
23
25
26
27
28
29
30
31
32
:53
#01
02
03
11
12
13
21
22
24
25
26
27
28
29
81
:53
#03
02
21
22
23
24
25
26
28
81
#04
02
21
22
23
24
25
26
27
28
#21
01
22
23
24
25
26
27
28
29
30
31
#23
01
22
23
24
25
26
27
28
29
31
#25
01
02
22
23
24
25
26
27
28
29
30
31
32
#26
21
22
23
24
25
26
27
28
#27
01
22
23
24
25
26
27
28
29
30
#28
01
22
23
#29
01
22
23
24
25
26
27
28
29
30
31
32
#30
01
22
23
24
25
#31
01
02
03
22
23
24
#32
21
22
23
24
#33
21
23
24
25
#34
21
22
23
#35
21
22
23
24
25
26
27
28
:54
#01
02
21
22
23
24
25
26
27
:54
#21
21
22
23
24
25
26
27
28
29
32
33
34
35
36
37
#22
21
22
23
24
25
26
27
28
29
31
32
33
#23
01
22
23
24
25
26
27
28
29
30
31
32
33
34
35
36
37
38
#24
21
22
23
24
25
26
27
28
29
30
#25
21
22
23
24
25
26
27
28
#26
21
22
23
24
25
26
27
:61
#01
02
03
04
11
12
13
14
15
21
22
24
25
26
:61
#02
02
04
03
21
22
#03
02
03
21
22
23
24
26
27
28
29
30
31
#04
02
03
04
22
23
24
25
26
27
28
29
30
31
81
#05
02
21
22
23
24
25
26
27
28
81
82
#06
02
21
22
23
24
25
26
27
28
29
30
31
32
#07
02
21
22
23
24
25
26
27
28
29
30
#24
01
22
23
24
25
26
27
28
29
30
#25
01
22
23
24
25
26
27
#27
01
22
23
24
25
26
27
28
29
30
31
32
:62
#01
02
03
04
05
11
21
22
23
:62
#02
#03
02
21
#04
02
03
21
22
23
#05
02
03
21
22
23
24
25
#21
01
02
03
23
24
25
26
#22
01
22
23
24
25
26
#23
01
22
23
26
#24
21
24
25
26
27
28
29
#26
21
23
24
25
26
27
28
29
30
#27
01
22
23
24
25
26
27
#28
01
21
22
23
24
25
26
27
#29
01
21
22
23
24
25
26
27
#30
01
21
22
23
24
25
26
27
:63
#01
02
03
04
05
21
:63
#21
21
22
23
24
25
26
27
28
#22
21
22
23
24
#23
21
22
23
24
#25
21
22
23
24
25
#26
21
22
23
24
25
26
#27
21
22
23
24
25
26
#28
01
02
21
22
23
:64
#01
02
03
11
21
22
:64
#02
02
03
04
21
22
23
#03
02
21
22
23
24
81
82
#22
21
22
23
24
25
26
:65
#01
02
03
04
05
06
07
08
21
:65
#02
02
03
04
05
#21
01
22
23
#22
1
22
23
#23
01
02
03
23
24
25
27
28
#27
01
22
23
#28
01
22
23
24
25
26
27
28
29
#29
01
22
23
24
25
26
27
28
29
#30
01
22
23
24
#31
01
21
22
23
24
25
26
27
28
29
30
31
#32
01
21
22
23
24
25
26
27
#40
01
#41
01
21
22
23
24
25
26
27
28
#42
01
02
21
23
24
25
26
#43
01
21
22
23
24
25
26
#90
01
:
